 25.661  -25.648 -573.122
 24.3754 -11.3634 -573.122
 20.5598  2.46199 -573.122
 14.3369  15.3839 -573.122
 5.90672  26.9871 -573.122
-4.45982  36.8985 -573.122
-16.4295  44.7996 -573.122
-29.6176  50.4365 -573.122
-43.6003   53.628 -573.122
-57.9282  54.2714 -573.122
-72.1407  52.3462 -573.122
 -85.781  47.9142 -573.122
-98.4108  41.1179 -573.122
-109.624  32.1756 -573.122
 -119.06  21.3748 -573.122
-126.417  9.06271 -573.122
-131.456 -4.36505 -573.122
-134.017 -18.4769 -573.122
-134.017 -32.8191 -573.122
-131.456 -46.9309 -573.122
-126.417 -60.3587 -573.122
 -119.06 -72.6708 -573.122
-109.624 -83.4716 -573.122
-98.4108 -92.4139 -573.122
 -85.781 -99.2102 -573.122
-72.1407 -103.642 -573.122
-57.9282 -105.567 -573.122
-43.6003 -104.924 -573.122
-29.6176 -101.733 -573.122
-16.4295 -96.0957 -573.122
-4.45983 -88.1945 -573.122
 5.90671 -78.2831 -573.122
 14.3369 -66.6799 -573.122
 20.5598  -53.758 -573.122
 24.3754 -39.9325 -573.122
  25.661  -25.648 -573.122