  21.741  185.457 -560.968  0  180  0
 -27.504  158.624 -570.924  0  180  0
-76.749 131.792 -580.88  0  180  0
-125.994  104.959 -590.837  0  180  0
-175.239   78.127 -600.793  0  180  0
-175.239   78.127 -600.793  0  180  0
-130.525   25.623 -595.125  0  180  0
-85.8115  -26.881 -589.457  0  180  0
-41.0977  -79.385  -583.79  0  180  0
   3.616 -131.889 -578.122  0  180  0
   3.616 -131.889 -578.122  0  180  0
 8.14725 -52.5525 -573.833  0  180  0
 12.6785   26.784 -569.545  0  180  0
 17.2097   106.12 -565.256  0  180  0
  21.741  185.457 -560.968  0  180  0