FK: mm degree

  21.741  185.457 -560.968  0  180  0
 -27.504  158.624 -570.924  0  180  0
-76.749 131.792 -580.88  0  180  0
-125.994  104.959 -590.837  0  180  0
-175.239   78.127 -600.793  0  180  0
-175.239   78.127 -600.793  0  180  0
-130.525   25.623 -595.125  0  180  0
-85.8115  -26.881 -589.457  0  180  0
-41.0977  -79.385  -583.79  0  180  0
   3.616 -131.889 -578.122  0  180  0
   3.616 -131.889 -578.122  0  180  0
 8.14725 -52.5525 -573.833  0  180  0
 12.6785   26.784 -569.545  0  180  0
 17.2097   106.12 -565.256  0  180  0
  21.741  185.457 -560.968  0  180  0
/********/ 

IK: degree

-8.55577 -28.4561  18.6757        0        0        0
-0.764829   -27.745   12.5838         0         0         0
 7.33267 -26.0402  7.19848        0        0        0
15.5734 -23.436 2.63971       0       0       0
 23.8491 -20.0279 -1.00603        0        0        0
 23.8491 -20.0279 -1.00603        0        0        0
 15.5158 -14.3005 -7.91377        0        0        0
 7.75784 -6.95273 -13.7476        0        0        0
0.746418  1.74487 -18.3578        0        0        0
-5.30967   11.415 -21.5994        0        0        0
-5.30967   11.415 -21.5994        0        0        0
 -8.92764 -0.397129  -13.9845         0         0         0
-10.7355 -11.3762 -4.35262        0        0        0
-10.6223 -20.9296  6.73114        0        0        0
-8.55577 -28.4561  18.6757        0        0        0



